22253
11080
382333695
14
error: division to zero
222222222222222222222222222222222222222222222222222222222222222222222222222222222222222222222222222222222222224
222222222222222222222222222222222222222222222222222222222222222222222222222222222222222222222222222222222222220
444444444444444444444444444444444444444444444444444444444444444444444444444444444444444444444444444444444444444
111111111111111111111111111111111111111111111111111111111111111111111111111111111111111111111111111111111111111
222222222222222222222222222222222222222222222222222222222222222222222222222222222222222222222222222222222222244
222222222222222222222222222222222222222222222222222222222222222222222222222222222222222222222222222222222222200
4888888888888888888888888888888888888888888888888888888888888888888888888888888888888888888888888888888888888884
10101010101010101010101010101010101010101010101010101010101010101010101010101010101010101010101010101010101010
